0  0  0  0  1  1  0  0  0  2  0  3  0  4  4  4  0  0  5  5  
6  0  7  0  0  0  0  0  2  2  0  0  0  0  4  0  0  10 0  0  
0  7  7  7  7  7  7  0  2  0  13 0  14 0  0  0  0  0  15 0  
0  0  0  0  7  7  0  0  0  0  13 0  0  0  15 15 15 0  15 15 
20 0  0  20 0  0  0  0  0  0  13 13 13 0  15 15 15 0  15 15 
20 20 20 20 0  26 0  0  0  0  0  0  0  27 0  0  15 15 0  15 
20 20 0  0  0  0  31 0  0  0  0  32 32 0  0  0  0  15 0  15 
0  20 0  0  0  31 31 0  0  0  0  32 32 0  0  0  0  15 15 15 
0  0  39 39 39 0  0  40 0  40 0  0  32 0  0  0  15 15 15 0  
44 0  39 0  39 0  40 40 40 40 0  0  32 0  49 0  0  0  0  50 
